ts1
-35324.67
-36995.55
-26899.26
-6856.45
13558.73
15181.62
2558.35
-6405.76
-10227.09
-14542.76
-6689.52
22953.66
60934.89
94745.17
112195.94
104829.74
86044.14
78255.9
86607.61
104696.4
127881.52
139969.95
129860.91
110417.11
94420.09
82934.37
81537
100758.87
134423.71
167709.07
190531.16
191072.14
171150.53
153274.91
155717.96
173030.59
200204.18
238407.34
270553.05
288405.87
303424.02
315203.48
313206.15
305114.19
306080.04
311147.82
313856.09
313377.57
303524.54
287080.16
279599.01
286960.21
299733.91
313656.29
321392.33
307109.18
274108.84
241428.04
218284.61
204377.88
208589.48
232107.83
257314.96
276521.47
283604.16
269855.48
246991.17
236425.82
239910.66
250712.07
269791.17
285043.01
285870
281876.49
280172.61
279041.14
284512.44
308800.55
346215.62
380841.3
402246.93
400036.07
378293.3
357867.38
353959.41
362119.01
376737.33
396235.21
404961.38
398158.35
388869.49
380397.87
371782.61
375257.48
396974.55
420224.48
431773.9
426428.28
397979.9
357044.27
328337.23
321823.94
329207.2
347305.56
368352.33
374933.14
368113.72
360149.91
351923.8
341646.22
344278.14
366046.61
390746.93
407655.19
408064.81
390590.95
371794.25
369798.14
383450.26
401523.6
422197.86
434705.59
426431
406063.02
385621.63
366085.86
352564.04
356552.2
372204.11
386901.44
397962.07
395460.19
373956.12
352631
351920.13
366969.92
390072.06
418936.71
436983.76
436983.39
431259.73
423858.72
408809.79
396034.07
397857.94
402126.73
395122.83
374404.14
342253.92
310142.54
293342.49
294172.34
304292.05
322007.66
337414.31
331661.4
309073.46
287211.83
270074.64
256324.03
257878.1
280802.31
310810.32
336151.78
345765.07
332468.47
311696.99
306036.82
314838.56
327214.16
345032.29
357278.44
347646.37
326326.44
309269.76
295393.29
284995.98
291773.49
315776.55
342029.88
359677.81
358682.32
340339.85
323796.72
324219.7
336099.29
353987.7
376095.23
385596.67
376852.63
364438.69
353541.14
340423
338145.47
360292.55
393606.86
422082.54
436389.39
429231.22
410835.76
403570.35
415493.98
435753.21
460936.65
484756.85
487600.46
471811.59
455294.35
439875.76
420543.81
409759.26
416707.41
429704.04
437004.55
426632.58
396897.74
368164.4
357976.42
360722.25
367981.07
380826.98
387622.05
379057.74
364851.94
353322.14
345478.01
345516.55
362414.49
392202.5
419852.52
434995.17
428114.44
400879.34
374041.84
365280.26
368309.62
376965.36
391735
396253.27
385960.3
376021.59
368293.33
356816.79
355142.6
375000.89
401097.42
419362.56
419875.5
392845.83
349763.22
316258.84
302906.02
302477.51
312605.5
324392.71
320584.46
304881.13
292110.91
283715.98
273117.41
269159.84
281210.99
298363.88
309651.25
305960.33
284034.12
259154.94
249487.7
254106.92
266059.66
285733.37
297175.87
284050.04
256594.55
227062.66
194879.78
165154.61
153037.53
159596.05
174497.33
189013.26
188927.44
171373
154116.28
151668.4
160255.84
177335.05
200004.37
207984.97
195363.33
178265.84
162665.07
146354.88
145057.86
170562.12
205196.89
232812.6
246836.99
242491.97
227501.43
220270.87
228203.62
241169.86
257474.69
274443.81
275743.15
260019.78
240231.59
220719.25
201176.8
195686.28
212393.42
236740.3
256593.45
261649.1
246434.67
224875.76
216483.46
223002.07
238039.43
262702.02
282923.69
281933.84
268778.13
256122.24
243616.68
234929.49
243309.44
266140.18
286864.25
294901.09
280707.68
246843.24
214276.49
199089.82
196534.21
200109.41
206125.75
200078.72
182544.88
171132.44
168710.19
167656.72
178702.12
211683.27
248279.4
273398.37
282706.2
271237.59
247778.56
233785.74
239890.94
258611.38
284873.5
309010.83
312635.68
297274.08
277115.43
254196.12
226082.13
207485.91
207821.31
213268.44
213216.68
198076
164215.6
129766.36
114463.91
116203.15
126375.97
146927.07
165742.02
165854.96
152357.12
135586.23
118299.96
108209.27
118193.21
142205.53
164042.1
175331.61
167043.56
142939.34
124030.17
123107.62
134039.67
153510.18
180148.46
197291.18
197521.15
190066.36
179066.77
163483.54
155519.53
167977.57
191002.28
212474.09
224351.31
219304.01
205229.81
