ts2
187243.82
195713.71
210491.89
229709.52
247495.26
246664.91
230124.36
211078.1
191544.76
177752.44
184049.98
206706.87
231094.13
251618.31
254557.5
234830.8
213324.77
206053.93
207312.16
209568.64
212168.24
205656.03
186685.89
167961.17
155303.05
142953.63
135593.41
145649.83
164677.2
176616.6
178105.1
161780.01
128151.52
102585.14
99499.37
108937.2
127701.25
150172.18
156484.4
148958.46
141422.12
130256.83
115467.73
111132.89
123999.91
145566.57
167269.54
177381.95
165839.71
143194.27
131083.7
135952.78
149861.77
168830.06
182069.43
175057.07
157381.05
143712.07
132076.45
126939.87
138726.04
161907.91
186453.98
206643.96
207000.29
184751.91
162698.7
158485.5
169121.52
187327.13
210852.91
225134.84
219759.35
205053.99
190358.94
176150.22
170467.52
184922.45
208619.75
227489.21
239937.51
234316.72
207836.01
184698.03
181568.4
193905.31
218340.03
245113.14
255308.51
252544.11
246918.7
233018.29
214789.68
210229.47
225544.03
249320
271241.03
284167.07
281260.64
266474.13
258528.77
267067.5
284865.6
310068.81
332585.42
334414.08
322971.06
314360.89
307959.15
305046.12
316625.22
338798.45
359301.49
374569.93
370467.17
342806.14
314700.55
302942.31
306489.78
321033.64
341137.31
350929.34
342114.6
326984.28
315124.85
304239.02
299431.76
309526.67
326418.56
341832.18
354705.09
352150.96
332583.94
320706.5
327206.2
340721.04
360126.88
378250.7
371903.58
344834.5
318572.78
298744.89
286230.62
288802.09
308460.58
335053.61
359088.3
370166.34
360206.9
339470.82
329495.72
335615.06
348271.96
365091.42
373409.1
354441.49
319444.05
288305.17
263933.23
250082.27
253408.94
268438.85
284674.7
296775.87
293390.01
272353.33
253454.24
252643.35
267512.88
291017.36
319086.69
338317.95
340344.7
333549.7
323395.16
308449.41
299125.73
308527.66
327302.85
342721.74
347728.33
327938.16
287001.45
254523.03
248124.54
261840.52
290354.05
323279.52
337893.11
331347.7
314878.7
291063.48
266572.34
256978.47
267504.48
286896.25
304047.77
308725.79
291723.68
262282
245859.62
249157.59
259171.48
274478.61
287529.31
280044.02
259493.97
242496.31
227136.17
216077.81
222105.58
240481.4
258664.52
272156.8
268677.98
246807.68
227396.1
225920.36
238832.53
257503.18
279386.57
293765.37
293549.2
287505.61
278521.74
264171.24
257458.92
271022.01
293140.01
312062.36
327103.88
327028.19
308436.03
292317.29
290965.76
299191.92
318162.64
341890.69
349342.58
342178.32
336359.16
331373.64
327403.18
336601.47
361321.73
388219.1
407698.27
413670.12
401036.41
377679.22
364878.91
371353.4
386660.11
407095.89
424712.45
423812.42
412945.97
406774.87
400430.19
394628.84
401622.38
419545.58
436814.84
447368.54
438024.09
403428.68
364303.67
342993.38
342835.91
359030.4
385642.37
404082.72
403125.7
393390.37
384336.38
375285.4
372588.01
385198.6
403890.16
417855.07
424773.67
413768.56
382978.44
354849.81
345188.04
351723.78
372085.64
392258.28
389477.99
370408.25
353245.79
336469.92
319198.77
315400.68
331590.37
353108.4
366897.09
367530.57
350820.31
324749.38
308332.83
308171.67
316605.85
332072.21
341776.09
323655.67
288451.11
258390.75
232581.66
213989.12
217177.74
236668.32
255675.89
266991.65
258678.66
230016.88
202116.67
189347.72
189451.78
197629.83
212210.24
221863.32
218233.65
209310.13
201218.56
191288.45
185024.07
191782.11
202941.52
209268.44
210207.38
195603.77
167430.42
152754.6
165356.86
193582.13
229165.97
261736.77
272134.27
264740.17
253692.62
235990.08
212270.68
199039.99
203680.34
213227.41
217933.25
212875.61
191942.12
162221.58
144546.22
146917.59
160368.16
182929.56
205071.06
206692.47
194235.77
183831.37
174587.51
170107.06
180967.35
203751.07
227648.66
246725.37
248525.39
230291.32
210418.09
205156.25
216034.35
238646.44
269512.02
292637.15
295797.26
288982.48
282591.22
277185.8
280584.99
303038.52
332266.66
352849.26
361100.84
346946.81
314742.96
293365.19
295148.2
310445.45
335464.38
362011.69
372860.56
369460.35
362920.05
353634.52
343540.26
345023.3
363675.47
388707.22
409083.32
414347.7
395655.47
360938.96
